	  4.71          30             0.61
          4.71          93             7.09
          4.71          162            14.67
          4.71          246            24.32
          4.71          334            35.08
          4.71          426            46.08
          4.71          522            56.96
          4.71          613            68.69
          4.71          711            80.18
          4.71          805            92.28
          4.71          894            103.03
          4.71          995            114.77
          4.71          1096           127.84
          4.71          1196           140.07
          4.71          1296           152.04
          4.71          1394           164.14
          4.71          1497           176.00
          4.71          1595           188.83
          4.71          1703           201.30
          4.71          1809           214.26
          4.71          1911           226.84
          4.71          2009           239.68
          4.71          2119           251.90
          4.71          2233           265.59
          4.71          2339           278.79
          4.71          2438           291.50
          4.71          2542           304.33
          4.71          2651           316.68
          4.71          2752           329.76
          4.71          2860           342.47
          4.71          2960           355.42
          4.71          3069           368.38
          4.71          3161           380.36
          4.71          3272           393.07
          4.71          3385           406.76
          4.71          3490           419.83
          4.71          3596           432.42
          4.71          3694           445.13
          4.71          3800           457.85
          4.71          3902           470.19
	  4.71          4012           483.39
          4.71          4123           496.47
          4.71          4222           509.79
          4.71          4327           522.26
          4.71          4430           534.85
          4.71          4534           547.43
          4.71          4640           560.02
          4.71          4751           573.59
          4.71          4854           586.67
          4.71          4955           599.01
          4.71          5059           612.09
          4.71          5166           624.43
          4.71          5271           637.51
          4.71          5382           651.32
          4.71          5497           663.79
          4.71          5597           677.60
          4.71          5707           690.92
          4.71          5808           703.39
          4.71          5919           715.86
          4.71          6027           729.79
          4.71          6129           742.62
          4.71          6235           755.09
          4.71          6335           768.29
          4.71          6444           780.63
          4.71          6548           793.96
          4.71          6655           806.42
          4.71          6757           819.13
          4.71          6858           832.09
          4.71          6962           844.80
          4.71          7068           856.53
          4.71          7170           870.35
          4.71          7268           882.08
          4.71          7364           893.81
          4.71          7470           906.77
          4.71          7569           919.23
          4.71          7673           931.33
          4.71          7768           943.43
	  4.71          7868           955.53
          4.71          7966           967.15
          4.71          8066           979.86
          4.71          8164           991.47
          4.71          8270           1004.18
          4.71          8374           1016.89
          4.71          8476           1029.48
          4.71          8575           1041.95
          4.71          8676           1054.05
          4.71          8776           1066.63
          4.71          8882           1079.10
          4.71          8981           1091.45
          4.71          9080           1103.67
          4.71          9182           1115.89
          4.71          9288           1128.72
          4.71          9402           1142.54
          4.71          9512           1155.86
          4.71          9615           1168.69
          4.71          9726           1182.01
          4.71          9827           1194.60
          4.71          9930           1207.19
          4.71          10038          1220.15
          4.71          10150          1233.84
          4.71          10261          1247.52
          4.71          10373          1260.85
          4.71          10477          1273.92
          4.71          10576          1286.76
          4.71          10684          1299.10
          4.71          10790          1312.30
          4.71          10899          1325.38
          4.71          11013          1339.44
          4.71          11112          1352.15
          4.71          11222          1365.10
          4.71          11328          1378.30
          4.71          11442          1391.38
          4.71          11557          1405.44
          4.71          11667          1419.00
          4.71          11772          1432.20
	  4.71          11875          1445.16
          4.71          11984          1457.87
          4.71          12092          1471.31
          4.71          12196          1484.39
          4.71          12308          1497.59
          4.71          12414          1510.42
          4.71          12519          1523.87
          4.71          12628          1536.58
          4.71          12746          1550.88
          4.71          12863          1564.69
          4.71          12971          1578.87
          4.71          13091          1592.80
          4.71          13203          1606.86
          4.71          13310          1619.94
          4.71          13422          1633.62
          4.71          13530          1647.31
          4.71          13642          1660.39
          4.71          13740          1673.35
          4.71          13848          1685.94
          4.71          13957          1699.01
          4.71          14061          1712.21
          4.71          14172          1725.05
          4.71          14281          1738.74
          4.71          14383          1751.69
          4.71          14485          1764.04
          4.71          14597          1777.72
          4.71          14704          1790.92
          4.71          14819          1804.49
          4.71          14919          1817.32
          4.71          15022          1829.67
          4.71          15126          1842.63
          4.71          15229          1854.85
          4.71          15332          1867.07
          4.71          15437          1880.39
          4.71          15539          1892.74
          4.71          15643          1905.08
          4.71          15743          1917.91
          4.71          15847          1930.50
          4.71          15958          1943.95
	  4.71          16063          1956.90
          4.71          16171          1969.74
          4.71          16276          1982.69
          4.71          16383          1995.89
          4.71          16493          2009.09
          4.71          16592          2022.17
          4.71          16700          2034.27
          4.71          16805          2047.59
          4.71          16912          2060.30
          4.71          17026          2074.60
          4.71          17132          2087.44
          4.71          17245          2101.00
          4.71          17357          2114.94
          4.71          17467          2128.26
          4.71          17577          2141.34
          4.71          17689          2155.03
          4.71          17793          2168.47
          4.71          17905          2181.43
          4.71          18019          2195.24
          4.71          18126          2208.80
          4.71          18237          2222.25
          4.71          18346          2235.94
          4.71          18450          2248.16
          4.71          18555          2261.36
          4.71          18666          2274.56
          4.71          18782          2288.98
          4.71          18889          2302.18
          4.71          19002          2315.50
          4.71          19108          2328.83
          4.71          19220          2342.27
          4.71          19330          2356.08
          4.71          19435          2368.91
          4.71          19542          2381.87
          4.71          19648          2395.44
          4.71          19760          2408.15
          4.71          19866          2421.35
          4.71          19976          2435.04
          4.71          20096          2449.21
          4.71          20204          2462.90
          4.71          20320          2476.96
          4.71          20423          2489.43
          4.71          20527          2502.14
          4.71          20636          2515.83
          4.71          20749          2528.90
          4.71          20850          2541.98
          4.71          20954          2554.57
          4.71          21061          2567.53
          4.71          21169          2580.73
          4.71          21272          2593.80
          4.71          21380          2606.15
          4.71          21481          2618.98
          4.71          21588          2632.43
          4.71          21693          2644.40
          4.71          21798          2658.09
          4.71          21903          2670.44
          4.71          22010          2683.39
          4.71          22126          2697.08
          4.71          22235          2711.26
          4.71          22339          2724.21
          4.71          22437          2736.19
          4.71          22540          2748.78
          4.71          22647          2761.74
          4.71          22746          2774.20
          4.71          22850          2786.43
          4.71          22955          2799.26
          4.71          23058          2811.85
          4.71          23161          2824.56
          4.71          23264          2836.90
          4.71          23368          2849.98
          4.71          23469          2862.45
          4.71          23574          2874.92
          4.71          23684          2887.87
          4.71          23788          2901.19
          4.71          23889          2913.54
          4.71          23992          2926.37
          4.71          24093          2938.35
          4.71          24202          2951.43
          4.71          24306          2964.50
	  4.71          24416          2977.95
          4.71          24519          2990.78
          4.71          24626          3003.25
          4.71          24734          3016.69
          4.71          24842          3029.53
          4.71          24950          3042.97
          4.71          25067          3056.42
          4.71          25175          3069.86
          4.71          25283          3083.55
          4.71          25394          3096.87
          4.71          25501          3109.34
          4.71          25611          3124.00
          4.71          25714          3136.84
          4.71          25816          3148.94
          4.71          25927          3162.02
          4.71          26037          3175.95
          4.71          26146          3189.15
          4.71          26258          3202.47
          4.71          26355          3215.43
          4.71          26465          3227.40
          4.71          26567          3240.85
          4.71          26678          3254.05
          4.71          26784          3267.13
          4.71          26886          3279.96
          4.71          26990          3292.43
          4.71          27106          3306.36
          4.71          27206          3319.19
          4.71          27314          3332.03
          4.71          27422          3345.10
          4.71          27532          3358.06
          4.71          27641          3372.12
          4.71          27753          3384.95
          4.71          27866          3399.00
          4.71          27976          3412.57
          4.71          28092          3426.63
          4.71          28206          3440.44
          4.71          28319          3454.37
          4.71          28429          3468.55
          4.71          28550          3481.87
          4.71          28655          3496.42
	  4.71          28759          3508.88
          4.71          28872          3522.08
          4.71          28980          3535.41
          4.71          29088          3548.73
          4.71          29187          3561.07
          4.71          29300          3574.39
          4.71          29404          3587.72
          4.71          29509          3599.94
          4.71          29615          3612.89
          4.71          29723          3626.71
          4.71          29822          3638.56
          4.71          29919          3651.03
          4.71          30026          3663.37
          4.71          30128          3675.72
          4.71          30223          3688.18
          4.71          30325          3700.16
          4.71          30425          3712.14
          4.71          30534          3725.22
          4.71          30640          3738.66
          4.71          30746          3751.37
          4.71          30856          3765.06
          4.71          30964          3777.89
          4.71          31069          3791.58
          4.71          31182          3804.78
          4.71          31300          3818.59
          4.71          31398          3831.79
          4.71          31506          3844.26
          4.71          31613          3857.58
          4.71          31717          3870.17
          4.71          31824          3883.37
          4.71          31930          3896.21
          4.71          32041          3909.28
          4.71          32152          3923.22
          4.71          32268          3936.91
          4.71          32379          3950.59
          4.71          32488          3963.92
          4.71          32590          3976.87
          4.71          32693          3989.22
          4.71          32798          4002.54
	  4.71          32910          4015.49
          4.71          33016          4028.94
          4.71          33119          4041.65
          4.71          33228          4054.97
          4.71          33334          4067.56
          4.71          33438          4080.76
          4.71          33550          4093.96
          4.71          33656          4107.16
          4.71          33770          4120.61
          4.71          33885          4134.42
          4.71          33994          4147.86
          4.71          34109          4161.43
          4.71          34221          4175.97
          4.71          34323          4188.68
          4.71          34426          4201.39
          4.71          34533          4214.35
          4.71          34639          4227.43
          4.71          34744          4239.89
          4.71          34854          4253.22
          4.71          34968          4267.15
          4.71          35063          4279.86
          4.71          35166          4291.60
          4.71          35282          4305.41
          4.71          35390          4318.61
          4.71          35503          4332.30
          4.71          35615          4345.74
          4.71          35724          4359.67
          4.71          35828          4372.63
          4.71          35933          4385.10
          4.71          36032          4397.56
          4.71          36140          4410.52
          4.71          36250          4423.47
          4.71          36351          4436.55
          4.71          36458          4449.51
          4.71          36564          4461.85
          4.71          36673          4475.54
          4.71          36780          4488.98
          4.71          36879          4500.96
          4.71          36950          4513.18
	  4.71          36983          4518.20
          4.71          37017          4521.98
          4.71          37059          4527.12
          4.71          37098          4531.76
          4.71          37142          4537.14
          4.71          37182          4542.27
          4.71          37213          4546.31
          4.71          37243          4550.22
          4.71          37273          4553.76
          4.71          37302          4557.18
          4.71          37335          4561.22
          4.71          37372          4565.74
          4.71          37406          4569.65
          4.71          37448          4574.54
          4.71          37483          4579.18
          4.71          37516          4583.46
          4.71          37559          4587.86
          4.71          37597          4592.87
          4.71          37624          4597.03
          4.71          37645          4599.60
          4.71          37674          4602.90
          4.71          37701          4606.56
          4.71          37725          4609.37
          4.71          37750          4612.18
          4.71          37776          4615.36
          4.71          37800          4618.91
          4.71          37822          4621.35
          4.71          37846          4623.92
          4.71          37869          4627.10
          4.71          37890          4629.54
          4.71          37913          4632.23
          4.71          37941          4635.41
          4.71          37967          4638.83
          4.71          37991          4642.01
          4.71          38009          4644.70
          4.71          38022          4646.28
          4.71          38029          4647.51
          4.71          38042          4648.73
          4.71          38065          4650.68
	  4.71          38104          4654.72
          4.71          38132          4658.87
          4.71          38167          4662.54
          4.71          38204          4666.82
          4.71          38237          4671.46
          4.71          38273          4675.62
          4.71          38319          4680.75
          4.71          38368          4686.37
          4.71          38415          4692.00
          4.71          38477          4698.84
          4.71          38552          4706.78
          4.71          38647          4717.30
          4.71          38752          4730.01
          4.71          38859          4743.33
          4.71          38963          4755.55
          4.71          39070          4768.51
          4.71          39172          4781.22
          4.71          39280          4794.30
          4.71          39390          4807.62
          4.71          39501          4821.18
          4.71          39603          4833.90
          4.71          39709          4847.10
          4.71          39815          4859.81
          4.71          39846          4870.07
          4.71          39846          4870.07
          4.71          39846          4870.07