          1          0          0.00
          1          2          0.00
          1          9          0.49
          1          16          1.47
          1          26          2.44
          1          33          3.67
          1          44          4.77
          1          54          5.99
          1          66          7.21
          1          80          8.92
          1          93          10.51
          1          108          12.10
          1          125          14.18
          1          141          16.13
          1          154          17.97
          1          166          19.43
          1          178          20.90
          1          189          22.37
          1          201          23.83
          1          215          25.42
          1          228          27.13
          1          241          28.60
          1          256          30.31
          1          267          31.78
 	  1          283          33.49
          1          295          35.44
          1          306          36.54
          1          319          38.13
          1          331          39.60
          1          345          41.19
          1          359          43.14
          1          373          44.73
          1          386          46.44
          1          403          48.03
          1          415          50.11
          1          429          51.70
          1          444          53.29
          1          457          54.88
          1          469          56.34
          1          481          57.93
          1          497          59.77
          1          508          61.23
          1          522          63.07
          1          535          64.53
          1          551          66.24
          1          564          68.20
          1          581          70.03
	  1          591          71.62
          1          605          73.21
          1          618          74.80
          1          628          76.02
          1          637          77.24
          1          652          78.59
          1          664          80.42
          1          676          82.01
          1          689          83.36
          1          701          85.07
          1          717          86.53
          1          730          88.24
          1          743          89.96
          1          761          91.67
          1          774          93.62
          1          786          95.58
          1          799          96.68
          1          812          98.39
          1          829          100.22
          1          843          102.06
          1          855          103.77
          1          869          105.36
	  1          884          106.94
          1          898          108.90
          1          911          110.73
          1          924          112.20
          1          937          113.67
          1          947          115.13
          1          958          116.36
          1          974          118.07
          1          990          119.90
          1          1004          121.98
          1          1021          123.81
          1          1033          125.40
          1          1048          127.23
          1          1062          128.70
          1          1076          130.53
          1          1091          132.24
          1          1106          134.20
          1          1120          135.91
          1          1131          137.74
          1          1145          139.21
          1          1161          141.04
          1          1174          143.00
          1          1191          144.59
          1          1208          146.54
          1          1221          148.26
          1          1231          149.84
          1          1242          151.19
          1          1258          152.90
          1          1271          154.61
          1          1283          155.96
          1          1297          157.67
          1          1312          159.62
          1          1321          160.97
          1          1336          162.43
          1          1349          164.02
          1          1361          165.61
          1          1374          167.08
          1          1392          168.67
          1          1406          170.74
          1          1418          172.70
          1          1430          173.92
	  1          1443          175.51
          1          1456          177.47
          1          1468          178.69
          1          1482          180.28
          1          1493          181.87
          1          1508          183.46
          1          1528          185.53
          1          1540          187.61
          1          1556          189.44
          1          1568          191.03
          1          1580          192.38
          1          1595          194.09
          1          1609          195.92
          1          1623          197.27
          1          1635          199.10
          1          1651          200.93
          1          1668          202.52
          1          1680          204.72
          1          1695          206.43
          1          1709          207.90
          1          1724          209.61
          1          1736          211.44
          1          1751          213.28
          1          1766          215.11
          1          1780          216.82
          1          1794          218.41
          1          1810          220.12
          1          1826          222.20
          1          1841          224.40
          1          1858          226.36
          1          1876          228.43
          1          1890          230.14
          1          1904          231.98
          1          1918          233.57
          1          1929          235.03
          1          1945          236.62
          1          1955          238.33
          1          1970          240.04
          1          1984          241.76
          1          1998          243.22
	  1          2011          244.93
          1          2023          246.64
          1          2035          247.99
          1          2047          249.33
          1          2060          251.04
          1          2072          252.27
          1          2087          254.22
          1          2101          256.06
          1          2119          257.89
          1          2132          259.60
          1          2146          261.56
          1          2160          263.27
          1          2175          264.73
          1          2189          266.69
          1          2204          268.52
          1          2218          270.11
          1          2232          271.82
          1          2246          273.53
          1          2260          275.61
          1          2273          277.20
          1          2286          278.67
          1          2300          280.50
          1          2317          282.21
          1          2334          284.41
          1          2345          286.12
          1          2362          287.96
          1          2379          290.03
          1          2394          291.87
          1          2408          293.82
          1          2422          295.29
          1          2438          297.12
          1          2457          299.32
          1          2471          301.03
          1          2487          302.87
          1          2502          304.70
          1          2519          306.66
          1          2536          308.61
          1          2549          310.81
	  1          2565          312.52
          1          2579          314.72
          1          2595          316.31
          1          2612          318.14
          1          2625          319.98
          1          2641          321.69
          1          2653          323.52
          1          2669          325.23
          1          2685          327.07
          1          2703          329.27
          1          2717          331.22
          1          2733          333.06
          1          2746          335.13
          1          2763          336.97
          1          2778          338.92
          1          2794          340.63
          1          2810          342.34
          1          2823          344.18
          1          2834          345.64
          1          2848          347.23
          1          2862          349.07
          1          2878          350.90
          1          2898          352.98
          1          2913          355.06
          1          2928          357.01
          1          2945          358.97
          1          2963          361.17
          1          2976          363.00
          1          2990          364.35
          1          3003          366.18
          1          3016          367.89
          1          3032          369.48
          1          3046          371.31
          1          3060          373.14
          1          3074          374.86
          1          3092          376.57
          1          3106          378.64
          1          3122          380.60
          1          3136          382.31
 	  1          3149          384.02
          1          3166          386.22
          1          3180          387.69
          1          3195          389.65
          1          3210          391.60
          1          3219          392.95
          1          3233          394.17
          1          3246          396.00
          1          3265          397.83
          1          3279          400.03
          1          3299          401.87
          1          3311          403.95
          1          3323          405.41
          1          3338          407.00
          1          3353          408.96
          1          3370          410.67
          1          3384          412.50
          1          3401          414.46
          1          3415          416.41
          1          3430          418.49
          1          3443          420.20
          1          3459          422.16
          1          3474          424.11
          1          3490          425.95
          1          3505          427.53
          1          3519          429.25
          1          3534          431.08
          1          3548          432.67
          1          3561          434.38
          1          3577          436.09
          1          3590          437.92
          1          3601          439.51
          1          3618          441.47
          1          3632          443.18
          1          3646          444.89
          1          3660          446.60
          1          3676          448.43
          1          3693          450.39
          1          3709          452.22
	  1          3725          454.30
          1          3737          456.13
          1          3749          457.48
          1          3765          459.31
          1          3781          461.02
          1          3799          463.10
          1          3813          465.06
          1          3826          466.77
          1          3841          468.48
          1          3854          470.19
          1          3869          472.02
          1          3882          473.98
          1          3898          475.32
          1          3913          477.16
          1          3925          478.87
          1          3939          480.70
          1          3956          482.29
          1          3971          484.49
          1          3985          485.96
          1          3998          487.79
          1          4010          489.26
          1          4025          491.09
          1          4041          492.92
          1          4056          494.76
          1          4071          496.47
          1          4083          498.18
          1          4097          499.89
          1          4111          501.48
          1          4125          503.56
          1          4141          505.15
          1          4157          507.10
          1          4172          508.93
          1          4187          510.89
          1          4204          512.85
          1          4220          514.68
          1          4235          516.63
          1          4249          518.59
          1          4262          519.93
          1          4279          522.01
	  1          4294          523.85
          1          4307          525.56
          1          4325          527.51
          1          4340          529.59
          1          4357          531.42
          1          4371          533.62
          1          4383          535.09
          1          4398          536.80
          1          4413          538.39
          1          4428          540.22
          1          4442          541.93
          1          4455          543.89
          1          4469          545.60
          1          4483          547.19
          1          4497          548.78
          1          4513          550.49
          1          4528          552.57
          1          4543          554.40
          1          4560          556.48
          1          4574          558.43
          1          4591          560.15
          1          4607          562.10
          1          4623          564.06
          1          4635          565.65
          1          4650          567.36
          1          4662          569.07
          1          4676          570.78
          1          4688          572.49
          1          4704          574.08
          1          4718          576.03
          1          4732          577.75
          1          4746          579.33
          1          4759          581.05
          1          4773          582.76
          1          4790          584.59
          1          4804          586.18
          1          4819          588.13
          1          4834          590.09
          1          4854          591.92
	  1          4871          594.25
          1          4886          596.20
          1          4900          597.79
          1          4913          599.75
          1          4930          601.70
          1          4944          603.29
          1          4958          605.00
          1          4970          606.71
          1          4984          608.55
          1          5000          610.26
          1          5015          612.21
          1          5030          614.17
          1          5045          615.76
          1          5060          617.47
          1          5075          619.42
          1          5090          621.13
          1          5103          622.85
          1          5116          624.68
          1          5130          626.15
          1          5143          627.98
          1          5157          629.69
          1          5170          631.03
          1          5187          633.11
          1          5203          635.19
          1          5220          637.02
          1          5232          638.61
          1          5247          640.20
          1          5262          642.03
          1          5274          643.75
          1          5291          645.58
          1          5302          647.41
          1          5316          648.76
          1          5332          650.83
          1          5343          652.18
          1          5357          654.01
          1          5371          655.72
          1          5384          657.19
          1          5399          658.90
          1          5413          660.61
	  1          5427          662.32
          1          5440          663.91
          1          5456          665.87
          1          5470          667.58
          1          5484          669.53
          1          5498          670.88
          1          5512          672.83
          1          5530          674.79
          1          5543          676.50
          1          5557          678.58
          1          5572          680.29
          1          5587          682.00
          1          5600          683.71
          1          5615          685.30
          1          5629          687.26
          1          5643          688.60
          1          5657          690.43
          1          5671          692.15
          1          5686          693.86
          1          5696          695.57
          1          5710          696.91
          1          5724          698.75
          1          5739          700.46
          1          5756          702.53
          1          5770          704.49
          1          5785          705.96
          1          5799          707.91
          1          5811          709.62
          1          5825          711.09
          1          5836          712.43
          1          5850          714.15
          1          5865          716.22
          1          5877          717.69
          1          5891          719.28
          1          5906          720.99
          1          5917          722.33
          1          5933          724.29
          1          5947          725.88
          1          5965          727.71
 	  1          5979          729.79
          1          5997          731.75
          1          6011          733.82
          4          2          0.24
          4          2          0.24
          4          19          0.37
          4          61          4.28
          4          131          11.61
          4          210          20.78
          4          295          30.56
          4          387          41.19
          4          477          52.19
          4          562          63.56
          4          658          74.80
          4          751          86.17
          4          840          96.92
          4          934          108.17
          4          1033          120.63
          4          1130          132.00
          4          1232          144.47
          4          1331          157.18
          4          1430          168.91
          4          1525          181.26
          4          1622          192.74
          4          1721          204.23
          4          1816          216.21
          4          1917          228.07
          4          2016          240.41
          4          2111          252.63
          4          2212          264.12
          4          2310          276.47
          4          2416          288.93
          4          2517          301.40
          4          2613          313.99
          4          2717          326.09
          4          2817          338.68
          4          2920          350.53
          4          3015          363.12
          4          3116          374.49
          4          3204          386.47
          4          3302          397.71
          4          3403          409.32
          4          3501          422.28
          4          3601          434.01
          4          3696          446.23
          4          3794          457.85
          4          3893          470.07
          4          3999          482.53
          4          4095          494.88
          4          4203          507.47
          4          4312          520.55
          4          4410          533.26
          4          4513          545.60
          4          4608          557.58
          4          4707          569.19
          4          4804          581.53
          4          4901          592.90
          4          5004          605.49
          4          5102          617.96
          4          5206          630.06
          4          5306          643.26
          4          5404          654.62
          4          5502          666.48
          4          5610          679.07
          4          5709          691.66
          4          5806          703.76
          4          5899          715.37
          4          5998          727.35
          4          6100          739.57
          4          6198          752.40
          4          6301          763.89
          4          6398          775.99
          4          6498          788.46
          4          6596          800.56
          4          6691          811.80
          4          6795          824.02
          4          6894          836.86
          4          6990          848.83
          4          7085          860.20
          4          7189          872.30
          4          7290          885.13
          4          7386          897.23
          4          7488          908.97
          4          7589          921.80
          4          7688          933.66
          4          7785          945.02
          4          7888          957.86
          4          7991          970.20
          4          8087          982.79
          4          8188          994.65
          4          8295          1007.72
          4          8399          1020.19
          4          8500          1033.15
          4          8596          1044.63
          4          8695          1056.61
          4          8793          1069.20
          4          8897          1081.30
          4          8993          1093.16
          4          9097          1105.87
          4          9199          1118.58
          4          9308          1131.41
          4          9411          1144.37
          4          9516          1157.20
          4          9624          1170.16
          4          9722          1182.99
          4          9827          1194.60
          4          9928          1207.07
          4          10033          1220.02
          4          10133          1233.35
          4          10239          1245.32
          4          10341          1258.16
          4          10455          1271.48
          4          10562          1285.17
          4          10672          1297.76
          4          10783          1311.45
          4          10888          1324.77
          4          10991          1337.48
          4          11097          1349.95
          4          11204          1363.15
          4          11310          1376.22
          4          11409          1388.81
          4          11515          1401.65
          4          11622          1414.11
          4          11733          1428.17
          4          11834          1440.88
          4          11938          1452.61
          4          12050          1466.67
          4          12154          1479.26
          4          12250          1492.09
          4          12354          1503.95
          4          12458          1517.02
          4          12562          1529.12
          4          12672          1542.81
          4          12772          1555.40
          4          12877          1568.11
          4          12980          1580.46
          4          13080          1593.54
          4          13182          1605.39
          4          13291          1617.98
          4          13396          1631.67
          4          13495          1643.89
          4          13602          1656.72
          4          13712          1669.44
          4          13820          1682.64
          4          13930          1695.71
          4          14037          1709.65
          4          14135          1722.36
          4          14238          1734.34
          4          14336          1746.19
          4          14440          1758.90
          4          14546          1772.10
          4          14650          1784.32
          4          14755          1797.77
          4          14859          1809.99
          4          14961          1822.82
          4          15061          1835.17
          4          15160          1847.27
          4          15269          1860.10
          4          15380          1874.04
          4          15487          1886.38
          4          15592          1899.95
          4          15699          1912.29
          4          15802          1925.61
          4          15908          1937.84
          4          16014          1951.28
          4          16120          1963.99
          4          16214          1976.09
          4          16322          1988.80
          4          16432          2002.00
          4          16535          2015.08
          4          16639          2027.91
          4          16744          2040.63
          4          16846          2052.85
          4          16950          2065.56
          4          17054          2078.39
          4          17157          2091.23
          4          17255          2104.06
          4          17360          2115.43
          4          17462          2128.50
          4          17572          2141.58
          4          17676          2154.78
          4          17784          2167.86
          4          17882          2179.84
          4          17982          2192.18
          4          18094          2204.77
          4          18205          2218.46
          4          18299          2231.05

          8          45            0.73
          8          166           11.49
          8          317           29.33
          8          491           49.26
          8          680           71.13
          8          867           94.72
          8          1060          117.82
          8          1266          142.39
          8          1455          166.22
          8          1665          191.03
          8          1872          216.21
          8          2062          239.92
          8          2257          264.12
          8          2461          288.93
          8          2666          313.74
          8          2867          338.56
          8          3067          363.12
          8          3275          387.81
          8          3486          414.33
          8          3690          438.53
          8          3899          463.71
          8          4109          489.62
          8          4305          514.68
          8          4509          538.88
          8          4726          564.18
          8          4935          591.31
          8          5147          616.49
          8          5343          641.55
          8          5544          665.50
          8          5752          691.05
          8          5959          716.35
          8          6158          741.03
          8          6370          765.97
          8          6572          791.15
          8          6779          816.32
          8          6991          842.11
          8          7201          868.02
          8          7412          893.57
          8          7617          918.62
          8          7815          943.92
          8          8013          967.88
          8          8210          991.35
          8          8413          1016.03
          8          8623          1041.21
          8          8830          1067.86
          8          9037          1092.55
          8          9244          1118.21
          8          9446          1143.02
          8          9659          1168.69
          8          9877          1194.85
          8          10087          1221.12
          8          10300          1246.55
          8          10509          1272.95
          8          10719          1298.00
          8          10930          1323.91
          8          11147          1349.82
          8          11366          1376.84
          8          11576          1403.48
          8          11796          1428.78
          8          12000          1455.18
          8          12217          1480.60
          8          12437          1507.49
          8          12655          1534.01
          8          12865          1560.17
          8          13091          1587.55
          8          13314          1613.58
          8          13538          1642.06
          8          13753          1669.19
          8          13968          1694.74
          8          14177          1720.65
          8          14391          1747.17
          8          14607          1772.71
          8          14815          1798.50
          8          15033          1824.78
          8          15243          1851.43
          8          15458          1877.46
          8          15678          1903.49
          8          15893          1930.63
          8          16098          1955.19
          8          16316          1982.20
          8          16537          2008.73
          8          16743          2033.78
          8          16949          2059.57
          8          17165          2086.46
          8          17380          2112.25
          8          17590          2138.16
          8          17816          2164.44
          8          18028          2191.08
          8          18243          2217.48
          8          18449          2243.15
          8          18663          2268.94
          8          18894          2295.95
          8          19100          2322.59
          8          19320          2348.14
          8          19534          2374.78
          8          19756          2401.79
          8          19967          2429.05
          8          20182          2454.71
          8          20391          2479.89
          8          20609          2505.93
          8          20817          2532.69
          8          21044          2558.85
          8          21265          2586.10
          8          21486          2614.21
          8          21701          2639.76
          8          21920          2666.53
          8          22135          2693.29
          8          22349          2718.84
          8          22558          2744.75
          8          22793          2772.00
          8          23004          2799.38
          8          23220          2825.78
          8          23438          2852.55
          8          23646          2877.60
          8          23844          2903.39
          8          24058          2928.57
          8          24278          2955.09
          8          24491          2981.74
          8          24702          3007.53
          8          24918          3033.56
          8          25120          3058.86
          8          25339          3084.89
          8          25564          3112.03
          8          25772          3137.94
          8          25983          3163.48
          8          26195          3189.64
          8          26405          3214.94
          8          26616          3241.95
          8          26838          3267.49
          8          27061          3294.26
          8          27271          3320.90
          8          27486          3347.55
          8          27701          3373.46
          8          27908          3399.25
          8          28114          3424.79
          8          28328          3450.83
          8          28535          3476.25
          8          28753          3502.16
          8          28969          3527.58
          8          29186          3554.84
          8          29404          3581.12
          8          29602          3606.42
          8          29812          3631.59
          8          30020          3657.26
          8          30237          3683.54
          8          30462          3711.04
          8          30679          3737.56
          8          30896          3763.96
          8          31098          3789.63
          8          31311          3815.05
          8          31524          3841.21
          8          31740          3867.48
          8          31945          3892.66
          8          32160          3919.18
          8          32372          3945.09
          8          32588          3971.49
          8          32799          3996.92
          8          33006          4022.95
          8          33213          4047.64
          8          33425          4073.55
          8          33649          4099.95
          8          33870          4127.45
          8          34089          4153.85
          8          34293          4179.64
          8          34512          4205.18
          8          34726          4231.71
          8          34936          4257.74
          8          35160          4284.14
          8          35368          4310.66
          8          35581          4336.70
          8          35785          4361.87
          8          35996          4387.66
          8          36196          4412.60
          8          36402          4437.41
          8          36615          4462.95
          8          36837          4490.33
          8          37044          4515.75
          8          37252          4541.54
          8          37471          4567.33
          8          37694          4595.20
          8          37905          4620.98
          8          38118          4646.90
          8          38340          4672.93
          8          38561          4700.55
          8          38772          4726.71
          8          38984          4752.86
          8          39193          4778.77
                10          120           5.01
          10          324           25.79
          10          551           52.31
          10          789           81.16
          10          1040          110.24
          10          1294          142.14
          10          1547          173.80
          10          1800          204.23
          10          2070          237.36
          10          2340          270.23
          10          2596          301.16
          10          2850          332.93
          10          3115          363.73
          10          3379          396.98
          10          3637          428.76
          10          3893          460.17
          10          4150          491.70
          10          4409          522.01
          10          4671          555.01
          10          4927          585.57
          10          5189          618.81
          10          5453          649.86
          10          5714          682.37
          10          5975          714.51
          10          6234          746.78
          10          6501          778.07
          10          6769          810.09
          10          7024          843.82
          10          7291          875.36
          10          7556          907.38
          10          7811          938.91
          10          8077          970.69
          10          8327          1002.10
          10          8593          1034.61
          10          8858          1067.00
          10          9117          1099.27
          10          9388          1131.17
          10          9649          1164.17
          10          9914          1195.46
          10          10174          1228.09
          10          10447          1261.09
          10          10728          1293.97
          10          10995          1328.07
          10          11268          1360.70
          10          11537          1393.95
          10          11816          1428.54
          10          12093          1460.92
          10          12363          1496.12
          10          12636          1528.15
          10          12914          1561.76
          10          13187          1596.10
          10          13459          1628.98
          10          13737          1662.96
          10          14007          1695.84
          10          14267          1729.45
          10          14546          1761.59
          10          14823          1795.20
          10          15079          1828.08
          10          15351          1860.47
          10          15627          1893.71
          10          15900          1927.45
          10          16174          1960.57
          10          16455          1994.67
          10          16724          2028.28
          10          17009          2062.50
          10          17270          2096.11
          10          17544          2127.89
          10          17823          2161.99
          10          18085          2195.11
          10          18365          2228.48
          10          18641          2261.97
          10          18915          2295.09
          10          19198          2330.78
          10          19467          2364.39
          10          19738          2396.17
          10          20001          2429.41
          10          20272          2462.17
          10          20532          2494.56
          10          20814          2527.68
          10          21078          2560.80
          10          21349          2594.54
          10          21630          2627.66
          10          21896          2660.78
          10          22165          2693.90
          10          22433          2727.15
          10          22713          2758.93
          10          22982          2793.39
          10          23258          2826.64
          10          23539          2860.00
          10          23812          2893.00
          10          24082          2927.72
          10          24358          2961.45
          10          24628          2994.33
          10          24899          3027.45
          10          25177          3060.45
          10          25457          3095.40
          10          25741          3129.75
          10          26019          3162.87
          10          26292          3196.73
          10          26564          3230.83
          10          26840          3265.29
          10          27112          3297.56
          10          27391          3331.54
          10          27661          3365.52
          10          27935          3398.27
          10          28211          3431.64
          10          28485          3465.49
          10          28754          3499.23
          10          29017          3530.27
          10          29296          3563.88
          10          29570          3598.11
          10          29847          3631.11
          10          30123          3665.57
          10          30385          3698.33
          10          30662          3731.57
          10          30947          3764.57
          10          31220          3799.41
          10          31503          3834.36
          10          31788          3868.83
          10          32060          3902.19
          10          32332          3935.68
          10          32607          3969.78
          10          32896          4004.13
          10          33167          4038.11
          10          33446          4071.72
          10          33733          4105.82
          10          34005          4140.53
          10          34278          4172.80
          10          34548          4206.41
          10          34820          4239.28
          10          35096          4273.51
          10          35372          4307.85
          10          35642          4340.24
          10          35913          4372.75
          10          36188          4406.85
          10          36456          4439.73
          10          36734          4473.22
          10          36998          4505.97
          10          37280          4540.68
          10          37563          4574.78
          10          37820          4607.54
          10          38094          4640.30
          10          38369          4673.91
          10          38647          4707.40
          10          38913          4740.76
          10          39185          4773.52
          10          39441          4806.27
          10          39705          4837.56
          10          39980          4870.20
          10          40261          4904.17
          10          40533          4937.05
          10          40807          4972.13
          10          41084          5005.74
          10          41360          5039.11
          10          41645          5073.21
          10          41919          5107.19
          10          42199          5142.14
          10          42464          5174.77
          10          42737          5207.29
          10          43009          5240.77
          10          43275          5273.04
          10          43560          5307.51
          10          43833          5341.36
          10          44105          5374.36
          10          44383          5407.36
          10          44658          5441.95
          10          44932          5475.69
          10          45212          5508.93
          10          45487          5543.64
          10          45762          5577.37
          10          46035          5609.89
          10          46308          5643.50
          10          46580          5677.60
          10          46845          5709.37
          10          47127          5742.74
          10          47398          5777.33
          10          47679          5810.82
          10          47954          5844.55
          10          48224          5878.29
          10          48494          5912.26
          10          48768          5945.14
          10          49052          5978.51
          10          49333          6012.98
          10          49609          6047.81
          10          49878          6080.44
          10          50149          6112.83
          10          50417          6146.44
          12          0          0.00
          12          110          1.96
          12          370          26.52
          12          644          61.11
          12          886          92.52
          12          1137          122.96
          12          1401          154.37
          12          1672          188.10
          12          1932          220.61
          12          2220          253.49
          12          2504          288.57
          12          2788          323.16
          12          3073          357.87
          12          3362          393.43
          12          3650          428.76
          12          3932          462.86
          12          4226          498.79
          12          4507          533.38
          12          4803          569.68
          12          5091          604.63
          12          5379          639.59
          12          5663          675.52
          12          5940          709.26
          12          6215          742.75
          12          6498          776.97
          12          6792          811.92
          12          7094          848.35
          12          7387          884.28
          12          7661          919.60
          12          7949          953.82
          12          8244          989.63
          12          8522          1024.35
          12          8821          1060.65
          12          9118          1097.07
          12          9410          1132.64
          12          9712          1168.57
          12          9998          1205.11
          12          10286          1240.68
          12          10592          1275.64
          12          10881          1313.16
          12          11180          1349.09
          12          11481          1385.76
          12          11785          1422.06
          12          12087          1460.56
          12          12385          1496.61
          12          12682          1533.52
          12          12986          1569.70
          12          13278          1604.90
          12          13591          1642.30
          12          13886          1680.07
          12          14192          1717.35
          12          14486          1753.04
          12          14781          1789.21
          12          15092          1826.00
          12          15391          1863.40
          12          15687          1900.93
          12          15991          1937.22
          12          16299          1974.50
          12          16609          2011.78
          12          16916          2048.94
          12          17208          2086.58
          12          17516          2122.27
          12          17803          2159.67
          12          18108          2195.48
          12          18411          2233.13
          12          18708          2269.30
          12          18996          2304.63
          12          19302          2341.54
          12          19605          2378.57
          12          19890          2414.75
          12          20197          2451.29
          12          20496          2487.47
          12          20798          2524.87
          12          21110          2562.27
          12          21410          2599.43
          12          21703          2635.73
          12          21998          2671.17
          12          22306          2708.20
          12          22611          2746.21
          12          22908          2782.27
          12          23214          2818.82
          12          23497          2854.50
          12          23792          2891.29
          12          24089          2927.23
          12          24382          2963.04
          12          24679          2999.58
          12          24978          3035.03
          12          25283          3072.43
          12          25583          3109.22
          12          25869          3144.78
          12          26175          3180.59
          12          26480          3218.24
          12          26779          3255.39
          12          27086          3293.04
          12          27388          3329.46
          12          27684          3365.64
          12          27987          3403.28
          12          28288          3439.70
          12          28587          3476.49
          12          28881          3512.92
          12          29181          3549.34
          12          29482          3585.39
          12          29777          3622.55
          12          30075          3658.61
          12          30369          3695.03
          12          30677          3731.08
          12          30982          3769.58
          12          31285          3805.27
          12          31592          3843.53
          12          31885          3879.46
          12          32195          3916.62
          12          32494          3954.63
          12          32791          3990.32
          12          33094          4027.23
          12          33399          4064.26
          12          33697          4101.17
          12          34001          4138.45
          12          34302          4175.48
          12          34605          4212.27
          12          34910          4248.94
          12          35211          4286.46
          12          35507          4323.13
          12          35814          4359.18
          12          36106          4396.22
          12          36413          4432.64
          12          36704          4469.43
          12          37000          4505.24
          12          37292          4541.30
          12          37605          4577.72
          12          37918          4615.73
          12          38223          4654.23
          12          38526          4691.02
          12          38814          4727.44
          12          39117          4763.25
          12          39418          4800.65
          12          39710          4837.07
          12          40010          4872.88
          12          40304          4909.18
          12          40600          4944.75
          12          40906          4982.15
          12          41198          5017.72
          12          41509          5055.61
          12          41797          5092.27
          12          42104          5127.96
          12          42407          5165.85
          12          42707          5202.03
          12          43000          5238.33
          12          43304          5275.61
          12          43617          5312.27
          12          43908          5349.67
          12          44221          5386.83
          12          44520          5423.50
          12          44818          5460.77
          12          45117          5496.95
          12          45421          5533.37
          12          45720          5571.26
          12          46019          5607.44
          12          46326          5644.11
          12          46619          5680.77
          12          46913          5716.46
          12          47215          5753.13
          12          47513          5789.31
          12          47804          5826.34
          12          48103          5862.15
          12          48390          5897.35
          12          48692          5933.90
          12          48994          5970.81
          12          49294          6007.48
          12          49575          6043.41