
          0          0.00
          0          0.00
          0          0.00
          0          0.00
          0          0.00
          0          0.00
          0          0.00
          1          0.00
          1          0.24
          1          1.47
          1          3.30
          1          5.26
          1          7.82
          1          9.78
          1          11.37
          1          13.44
          1          15.52
          1          17.97
          1          20.17
          1          22.37
          1          24.93
          1          27.50
          1          29.33
          1          31.90
          1          34.47
          1          36.91
          1          39.23
          1          41.56
          1          43.88
          1          46.20
          1          49.13
          1          51.09
          1          53.53
          1          55.37
          1          57.44
          1          59.64
          1          61.72
          1          63.80
          1          66.12
          1          68.32
          1          70.64
          1          72.72
          1          74.68
          1          76.88
          1          79.69
          1          82.13
          1          84.46
          1          86.90
          1          89.22
          1          91.67
          1          93.87
          1          95.46
          1          97.78
          1          100.34
          1          102.79
          1          105.36
          1          107.56
          1          110.00
          1          112.57
          1          114.89
          1          117.46
          1          120.02
          1          122.34
          1          124.91
          1          127.97
          1          130.29
          1          132.49
          1          134.81
          2          137.62
          2          139.58
          2          143.49
          2          148.13
          2          153.39
          2          158.40
          2          164.27
          2          169.77
          2          175.39
          2          180.64
          2          185.78
          2          191.64
          2          197.39
          2          203.99
          2          209.98
          2          215.60
          2          222.08
          2          228.56
          2          234.67
          2          240.90
          2          246.77
          2          253.61
          2          259.84
          2          265.96
          2          272.31
          2          277.93
          2          284.04
          2          290.03
          2          296.27
          2          302.38
          2          308.49
          2          314.84
          2          320.96
          2          326.82
          2          332.81
          2          339.17
          2          345.03
          2          351.39
          2          357.13
          2          363.25
          2          369.11
          2          375.10
          2          381.09
          2          387.57
          2          393.43
          2          399.67
          2          405.29
          2          411.65
          2          417.39
          2          423.26
          2          429.25
          2          435.60
          2          440.86
          2          447.21
          2          454.06
          2          459.92
          2          466.65
          2          472.51
          2          478.01
          2          484.00
          2          489.99
          3          495.73
          3          501.60
          3          508.20
          3          514.80
          3          522.26
          3          529.96
          3          537.66
          3          546.46
          3          555.38
          3          563.69
          3          572.73
          3          582.02
          3          590.82
          3          599.75
          3          608.30
          3          616.86
          3          625.29
          3          633.36
          3          641.67
          3          650.59
          3          659.15
          3          667.82
          3          676.62
          3          685.18
          3          694.47
          3          703.76
          3          711.46
          3          719.89
          3          728.32
          3          736.88
          3          745.31
          3          753.87
          3          762.18
          3          771.22
          3          779.66
          3          787.97
          3          796.65
          3          804.96
          3          813.39
          3          822.07
          3          830.99
          3          839.06
          3          847.25
          3          855.19
          3          864.11
          3          873.16
          3          881.96
          3          890.39
          3          899.19
          3          907.75
          3          915.81
          3          924.12
          3          932.19
          3          941.23
          3          950.03
          3          959.08
          3          967.51
          3          975.70
          3          984.99
          3          994.16
          3          1003.08
          5          1011.88
          5          1021.53
          5          1032.05
          5          1042.92
          5          1054.78
          5          1065.78
          5          1077.39
          5          1088.64
          5          1100.86
          5          1112.47
          5          1124.32
          5          1135.45
          5          1146.45
          5          1158.06
          5          1169.67
          5          1181.16
          5          1192.77
          5          1205.11
          5          1216.97
          5          1228.46
          5          1240.80
          5          1251.80
          5          1263.05
          5          1273.92
          5          1284.31
          5          1295.68
          5          1306.56
          5          1318.54
          5          1329.66
          5          1341.27
          5          1353.37
          5          1364.98
          5          1375.98
          5          1387.47
          5          1398.84
          5          1411.30
          5          1423.16
          5          1434.40
          5          1446.14
          5          1456.65
          5          1469.11
          5          1479.87
          5          1491.97
          5          1502.72
          5          1514.95
          5          1525.82
          5          1538.17
          5          1549.90
          5          1561.51
          5          1572.27
          5          1583.15
          5          1595.00
          5          1607.22
          5          1618.59
          5          1630.45
          5          1643.28
          5          1654.16
          5          1666.62
          5          1678.48
          5          1689.48
          5          1700.85
          6          1712.82
          6          1725.41
          6          1738.86
          6          1750.96
          6          1764.77
          6          1778.82
          6          1793.49
          6          1808.28
          6          1823.56
          6          1838.22
          6          1852.52
          6          1868.05
          6          1883.08
          6          1897.14
          6          1912.90
          6          1928.18
          6          1943.21
          6          1956.29
          6          1970.23
          6          1985.14
          6          2000.41
          6          2014.84
          6          2029.99
          6          2043.56
          6          2058.22
          6          2072.65
          6          2087.44
          6          2102.23
          6          2116.28
          6          2132.41
          6          2146.84
          6          2161.99
          6          2176.17
          6          2190.35
          6          2204.65
          6          2219.31
          6          2233.49
          6          2247.43
          6          2262.83
          6          2277.25
          6          2291.79
          6          2306.83
          6          2321.13
          6          2336.65
          6          2351.19
          6          2366.10
          6          2380.89
          6          2395.68
          6          2409.86
          6          2424.28
          6          2439.31
          6          2453.74
          6          2467.79
          6          2482.70
          6          2497.25
          6          2512.65
          6          2527.93
          6          2543.33
          6          2557.87
          6          2573.15
          6          2587.20
          7          2601.50
          7          2617.52
          7          2634.38
          7          2650.52
          7          2667.75
          7          2685.10
          7          2702.46
          7          2720.67
          7          2739.13
          7          2755.63
          7          2773.96
          7          2791.80
          7          2809.04
          7          2826.03
          7          2843.75
          7          2861.23
          7          2878.58
          7          2896.18
          7          2914.03
          7          2931.26
          7          2950.69
          7          2968.17
          7          2985.77
          7          3002.76
          7          3020.85
          7          3038.69
          7          3055.68
          7          3074.02
          7          3092.72
          7          3109.83
          7          3128.04
          7          3144.54
          7          3162.63
          7          3180.84
          7          3198.93
          7          3216.53
          7          3233.15
          7          3250.14
          7          3267.98
          7          3285.95
          7          3303.67
          7          3320.42
          7          3337.53
          7          3354.03
          7          3371.63
          7          3388.86
          7          3406.95
          7          3425.41
          7          3444.10
          7          3461.95
          7          3479.31
          7          3496.91
          7          3514.14
          7          3531.98
          7          3550.44
          7          3568.77
          7          3585.27
          7          3602.38
          7          3619.86
          7          3638.07
          7          3655.92
          8          3674.37
          8          3694.29
          8          3714.95
          8          3734.99
          8          3755.65
          8          3776.06
          8          3795.98
          8          3816.88
          8          3838.39
          8          3858.19
          8          3879.95
          8          3900.48
          8          3921.02
          8          3942.89
          8          3963.55
          8          3984.21
          8          4005.35
          8          4026.13
          8          4047.39
          8          4067.93
          8          4088.83
          8          4110.10
          8          4131.00
          8          4152.02
          8          4172.92
          8          4193.94
          8          4215.45
          8          4236.47
          8          4257.37
          8          4278.88
          8          4298.93
          8          4319.46
          8          4339.75
          8          4360.53
          8          4381.31
          8          4402.08
          8          4423.23
          8          4443.88
          8          4464.66
          8          4484.46
          8          4505.00
          8          4525.28
          8          4546.18
          8          4567.94
          8          4587.62
          8          4608.64
          8          4629.91
          8          4651.42
          8          4672.07
          8          4693.10
          8          4714.24
          8          4734.28
          8          4755.31
          8          4777.06
          8          4797.23
          8          4818.62
          8          4839.27
          8          4860.30
          8          4881.93
          8          4903.20
          8          4923.24
          10          4943.77
          10          4968.10
          10          4991.44
          10          5015.27
          10          5038.99
          10          5063.92
          10          5088.85
          10          5113.05
          10          5137.37
          10          5162.31
          10          5187.12
          10          5212.30
          10          5236.50
          10          5261.67
          10          5286.36
          10          5310.07
          10          5334.89
          10          5359.33
          10          5383.77
          10          5409.07
          10          5434.01
          10          5459.92
          10          5484.49
          10          5508.20
          10          5533.25
          10          5557.45
          10          5581.04
          10          5603.16
          10          5626.51
          10          5651.32
          10          5676.50
          10          5700.70
          10          5725.75
          10          5751.30
          10          5775.37
          10          5800.19
          10          5823.41
          10          5848.10
          10          5872.42
          10          5895.89
          10          5919.60
          10          5944.65
          10          5970.56
          10          5994.03
          10          6017.50
          10          6042.43
          10          6065.90
          10          6089.61
          10          6113.20
          10          6136.05
          10          6160.86
          10          6184.94
          10          6209.39
          10          6233.22
          10          6256.08
          10          6280.76
          10          6305.94
          10          6329.16
          10          6353.00
          10          6377.20
          10          6401.40
          11          6425.48
          11          6447.35
          11          6470.70
          11          6493.19
          11          6516.29
          11          6539.63
          11          6563.10
          11          6585.47
          11          6608.93
          11          6634.60
          11          6658.31
          11          6683.73
          11          6709.40
          11          6733.84
          11          6758.17
          11          6783.22
          11          6808.89
          11          6834.55
          11          6859.85
          11          6884.05
          11          6909.72
          11          6934.29
          11          6958.24
          11          6984.15
          11          7010.80
          11          7035.85
          11          7062.01
          11          7086.82
          11          7111.51
          11          7137.54
          11          7164.68
          11          7191.08
          11          7217.72
          11          7242.90
          11          7268.20
          11          7293.50
          11          7319.90
          11          7346.54
          11          7372.09
          11          7398.12
          11          7424.89
          11          7450.07
          11          7476.10
          11          7502.13
          11          7525.72
          11          7551.51
          11          7577.79
          11          7604.31
          11          7629.12
          11          7653.81
          11          7677.89
          11          7703.80
          11          7730.44
          11          7756.60
          11          7783.12
          11          7808.18
          11          7832.62
          11          7858.78
          11          7884.57
          11          7911.33
          11          7937.37
          12          7963.03
          12          7979.66
          12          7988.46
          12          7993.96
          12          7997.87
          12          8000.56
          12          8002.76
          12          8004.34
          12          8005.69
          12          8006.67
          12          8007.52
          12          8008.13
          12          8008.62
          12          8008.87
          12          8009.11
          12          8009.11
          12          8009.36
          12          8009.48
          12          8009.48
          12          8009.84
          12          8009.84
       
       