117    7.06
125    7.06
134    7.06
138    7.06
139    7.06
140    7.06
144    7.06
152    7.06
163    7.06
177    7.06
200    7.06
223    7.06
246    7.06
269    7.06
290    7.06
309    7.06
333    7.06
362    7.06
389    7.06
416    7.06
440    7.06
470    7.06
501    7.06
533    7.06
565    7.06
599    7.06
637    7.06
676    7.06
716    7.06
760    7.06
804    7.06
847    7.06
885    7.06
923    7.06
964    7.06
1004    7.06
1040    7.06
1083    7.06
1123    7.06
1167    7.06
1209    7.06
1255    7.06
1297    7.06
1338    7.06
1388    7.06
1430    7.06
1485    7.06
1539    7.06
1594    7.06
1650    7.06
1707    7.06
1761    7.06
1811    7.06
1866    7.06
1924    7.06
1975    7.06
2032    7.06
2088    7.06
2145    7.06
2201    7.06
2266    7.06
2338    7.06
2413    7.06
2495    7.06
2567    7.06
2629    7.06
2690    7.06
2752    7.06
2815    7.06
2885    7.06
2946    7.06
3017    7.06
3083    7.06
3154    7.06
3238    7.06
3323    7.06
3402    7.06
3475    7.06
3548    7.06
3619    7.06
3698    7.06
3778    7.06
3857    7.06
3945    7.06
4039    7.06
4140    7.06
4225    7.06
4309    7.06
4386    7.06
4461    7.06
4541    7.06
4618    7.06
4705    7.06
4800    7.06
4899    7.06
4990    7.06
5077    7.06
5164    7.06
5260    7.06
5358    7.06
5457    7.06
5557    7.06
5663    7.06
5777    7.06
5879    7.06
5971    7.06
6074    7.06
6166    7.06
6258    7.06
6363    7.06
6472    7.06
6577    7.06
6680    7.06
6789    7.06
6888    7.06
6992    7.06
7098    7.06
7207    7.06
7326    7.06
7468    7.06
7575    7.06
7683    7.06
7787    7.06
7898    7.06
7996    7.06
8109    7.06
8236    7.06
8351    7.06
8471    7.06
8587    7.06
8703    7.06
8825    7.06
8951    7.06
9094    7.06
9230    7.06
9345    7.06
9462    7.06
9592    7.06
9719    7.06
9854    7.06
9987    7.06
10114    7.06
10238    7.06
10365    7.06
10490    7.06
10645    7.06
10805    7.06
10944    7.06
11083    7.06
11219    7.06
11354    7.06
11502    7.06
11649    7.06
11785    7.06
11923    7.06
12057    7.06
12196    7.06
12352    7.06
12513    7.06
12651    7.06
12791    7.06
12937    7.06
13075    7.06
13225    7.06
13374    7.06
13510    7.06
13657    7.06
13815    7.06
13982    7.06
14169    7.06
14317    7.06
14464    7.06
14610    7.06
14764    7.06
14931    7.06
15085    7.06
15236    7.06
15389    7.06
15549    7.06
15732    7.06
15907    7.06
16060    7.06
16207    7.06
16366    7.06
16547    7.06
16710    7.06
16874    7.06
17035    7.06
17209    7.06
17406    7.06
17584    7.06
17756    7.06
17914    7.06
18084    7.06
18275    7.06
18452    7.06
18613    7.06
18787    7.06
18974    7.06
19183    7.06
19368    7.06
19550    7.06
19731    7.06
19927    7.06
20108    7.06
20288    7.06
20461    7.06
20647    7.06
20871    7.06
21056    7.06
21240    7.06
21422    7.06
21621    7.06
21815    7.06
22002    7.06
22195    7.06
22390    7.06
22621    7.06
22814    7.06
23004    7.06
23195    7.06
23410    7.06
23612    7.06
23797    7.06
24013    7.06
24250    7.06
24457    7.06
24650    7.06
24852    7.06
25053    7.06