11.50		0.00		7064		7.06  
11.50		0.01		7848		14.91  
11.50		0.04		8788		23.70  
11.50		0.07		9836		33.54  
11.50		0.12		10928		44.46  
11.50		0.23		13204		57.67  
11.50		0.36		15584		73.25  
11.50		0.49		18000		91.25  
11.50		0.63		20356		111.61  
11.50		0.76		22812		134.42  
11.50		0.90		25276		159.70  
11.50		1.05		27740		187.44  
11.50		1.21		30240		217.68  
11.50		1.40		32708		250.38  
11.50		1.57		35156		285.54  
11.50		1.74		37632		323.17  
11.50		1.89		40064		363.24  
11.50		2.08		42532		405.77  
11.50		2.28		45068		450.84  
11.50		2.47		47460		498.30  
11.50		2.65		49940		548.24  
11.50		2.83		52416		600.65  
11.50		3.01		54936		655.59  
11.50		3.26		57428		713.02  
11.50		3.55		60560		773.58  
11.50		3.77		63408		836.98  
11.50		3.93		65724		902.71  
11.50		4.07		67728		970.44  
11.50		4.22		69700		1040.14  
11.50		4.42		72232		1112.37  
11.50		4.65		74832		1187.20  
11.50		4.84		77332		1264.53  
11.50		5.07		79936		1344.47  
11.50		5.32		82768		1427.24  
11.50		5.61		85764		1513.00  
11.50		5.86		88724		1601.72  
11.50		6.06		91256		1692.98  
11.50		6.25		93712		1786.69  
11.50		6.42		96008		1882.70  
11.50		6.62		98340		1981.04  
11.50		6.86		100948		2081.99  
11.50		7.08		103680		2185.67  
11.50		7.30		106324		2291.99  
11.50		7.54		109128		2401.12  
11.50		7.82		112244		2513.36  
11.50		8.14		115628		2628.99  
11.50		8.32		118124		2747.12  
11.50		8.47		120188		2867.30  
11.50		8.67		122452		2989.76  
11.50		8.92		125388		3115.14  
11.50		9.11		127908		3243.05  
11.50		9.27		130044		3373.10  
11.50		9.45		132276		3505.37  
11.50		9.68		134840		3640.21  
11.50		9.86		137296		3777.51  
11.50		10.05		139808		3917.32  
11.50		10.27		142520		4059.84  
11.50		10.51		145324		4205.16  
11.50		10.71		147968		4353.13  
11.50		10.92		150656		4503.78  
11.50		11.15		153416		4657.20  
11.50		11.38		156104		4813.30  
11.50		11.59		158888		4972.19  
11.50		11.79		161596		5133.79  
11.50		12.01		164280		5298.07  
11.50		12.24		167008		5465.08  
11.50		12.47		169736		5634.81  
11.50		12.68		172424		5807.23  
11.50		12.90		175180		5982.42  
11.50		13.15		177884		6160.30  
11.50		13.36		180608		6340.91  
11.50		13.60		183412		6524.32  
11.50		13.85		186160		6710.48  
11.50		14.05		188952		6899.43  
11.50		14.28		191488		7090.92  
11.50		14.51		194284		7285.20  
11.50		14.73		197076		7482.28  
11.50		14.96		199692		7681.97  
11.50		15.18		202340		7884.31  
11.50		15.41		205160		8089.47  
11.50		15.64		207804		8297.28  
11.50		15.89		210768		8508.04  
11.50		16.09		213244		8721.29  
11.50		16.31		216040		8937.33  
11.50		16.55		218728		9156.05  
11.50		16.76		221412		9377.47  
11.50		16.98		224104		9601.57  
11.50		17.18		226844		9828.41  
11.50		17.40		229568		10057.98  
11.50		17.65		232368		10290.35  
11.50		17.88		235176		10525.53  
11.50		18.08		237980		10763.51  
11.50		18.31		240768		11004.27  
11.50		18.53		243628		11247.90  
11.50		18.75		246404		11494.31  
11.50		18.98		249200		11743.51  
11.50		19.20		252004		11995.51  
11.50		19.41		254796		12250.31  
11.50		19.65		257628		12507.93  
11.50		19.88		260440		12768.38  
11.50		20.09		263244		13031.62  
11.50		20.31		266028		13297.65  
11.50		20.52		268836		13566.48  
11.50		20.74		271672		13838.16  
11.50		20.97		274452		14112.61  
11.50		21.16		277252		14389.86  
11.50		21.37		280020		14669.88  
11.50		21.59		282876		14952.75  
11.50		21.84		285672		15238.43  
11.50		22.06		288468		15526.89  
11.50		22.27		291288		15818.18  
11.50		22.62		294092		16112.27  
11.50		22.75		296888		16409.16  
11.50		23.00		299700		16708.86  
11.50		23.20		302464		17011.33  
11.50		23.43		305292		17316.62  
11.50		23.67		308104		17624.72  
11.50		23.89		310952		17935.67  
11.50		24.12		313716		18249.39  
11.50		24.36		316520		18565.91  
11.50		24.59		319328		18885.24  
11.50		24.86		322168		19207.40  
11.50		25.18		325492		19532.90  
11.50		25.47		328752		19861.65  
11.50		25.72		331816		20193.46  
11.50		25.91		334328		20527.79  
11.50		26.11		336760		20864.55  
11.50		26.34		339312		21203.87  
11.50		26.58		342140		21546.01  
11.50		26.96		345656		21891.66  
11.50		27.39		350076		22241.74  
11.50		27.55		352664		22594.40  
11.50		27.67		354488		22948.89  
11.50		27.87		356784		23305.67  
11.50		28.15		359768		23665.44  
11.50		28.36		362556		24028.00  
11.50		28.51		364724		24392.72  
11.50		28.69		367044		24759.77  
11.50		28.92		369816		25129.58  
11.50		29.16		372624		25502.21  
11.50		29.38		375432		25877.64  
11.50		29.58		378252		26255.89  
11.50		29.83		381036		26636.93  
11.50		30.06		383884		27020.81  
11.50		30.26		386640		27407.45  
11.50		30.48		389452		27796.90  
11.50		30.71		392260		28189.16  
11.50		30.95		395060		28584.22  
11.50		31.18		397884		28982.11  
11.50		31.40		400680		29382.79  
11.50		31.61		403440		29786.23  
11.50		31.84		406284		30192.51  
11.50		32.06		409068		30601.58  
11.50		32.31		411924		31013.50  
11.50		32.54		414696		31428.20  
11.50		32.78		417464		31845.66  
11.50		33.01		420276		32265.94  
11.50		33.24		423124		32689.06  
11.50		33.48		425916		33114.98  
11.50		33.72		428720		33543.70  
11.50		33.95		431532		33975.23  
11.50		34.19		434328		34409.55  
11.50		34.41		437108		34846.66  
11.50		34.66		439968		35286.63  
11.50		34.90		442816		35729.45  
11.50		35.10		445524		36174.97  
11.50		35.34		448364		36623.34  
11.50		35.59		451224		37074.56  
11.50		35.84		453964		37528.52  
11.50		36.08		456772		37985.30  
11.50		36.29		459596		38444.89  
11.50		36.52		462396		38907.29  
11.50		36.76		465184		39372.47  
11.50		36.97		467956		39840.43  
11.50		37.20		470824		40311.25  
11.50		37.42		473568		40784.82  
11.50		37.64		476372		41261.19  
11.50		37.86		479208		41740.40  
11.50		38.09		482028		42222.43  
11.50		38.32		484856		42707.28  
11.50		38.56		487640		43194.92  
11.50		38.76		490428		43685.35  
11.50		38.99		493312		44178.66  
11.50		39.21		496012		44674.68  
11.50		39.42		498812		45173.49  
11.50		39.65		501640		45675.13  
11.50		39.88		504464		46179.59  
11.50		40.10		507248		46686.84  
11.50		40.33		510052		47196.89  
11.50		40.52		512872		47709.76  
11.50		40.75		515676		48225.44  
11.50		40.99		518484		48743.92  
11.50		41.20		521288		49265.21  
11.50		41.42		524092		49789.30  
11.50		41.63		526908		50316.21  
11.50		41.83		529744		50845.95  
11.50		42.06		532524		51378.48  
11.50		42.28		535312		51913.79  
11.50		42.52		538156		52451.95  
11.50		42.75		540988		52992.93  
11.50		42.99		543704		53536.64  
11.50		43.20		546528		54083.16  
11.50		43.46		549412		54632.57  
11.50		43.68		552148		55184.72  
11.50		43.93		554932		55739.66  
11.50		44.16		557752		56297.41  
11.50		44.38		560572		56857.98  
11.50		44.61		563360		57421.34  
11.50		44.84		566164		57987.50  
11.50		45.08		568972		58556.48  
11.50		45.31		571808		59128.29  
11.50		45.53		574608		59702.89  
11.50		45.75		577396		60280.29  
11.50		46.00		580228		60860.52  
11.50		46.32		583368		61443.88  
11.50		46.79		588012		62031.89  
11.50		47.03		591052		62622.95  
11.50		47.17		593244		63216.19  
11.50		47.34		595316		63811.50  
11.50		47.58		597880		64409.38  
11.50		47.86		601076		65010.46  
11.50		48.06		603576		65614.03  
11.50		48.24		605956		66219.98  
11.50		48.44		608316		66828.30  
11.50		48.67		611032		67439.33  
11.50		48.90		613872		68053.20  
11.50		49.10		616656		68669.86  
11.50		49.33		619460		69289.32  
11.50		49.58		622264		69911.59  
11.50		49.78		625084		70536.67  
11.50		49.99		627876		71164.55  
11.50		50.25		630700		71795.25  
11.50		50.49		633496		72428.74  
11.50		50.69		636292		73065.03  
11.50		50.90		639088		73704.12  
11.50		51.16		641908		74346.02  
11.50		51.38		644672		74990.70  
11.50		51.58		647528		75638.23  
11.50		51.81		650280		76288.51  
11.50		52.03		653120		76941.63  
11.50		52.27		655916		77597.54  
11.50		52.49		658780		78256.32  
11.50		52.73		661544		78917.87  
11.50		52.97		664348		79582.22  
11.50		53.18		667148		80249.37  
11.50		53.41		669952		80919.32  
11.50		53.67		672756		81592.08  
11.50		53.88		675580		82267.66  
11.50		54.11		678364		82946.02  
11.50		54.36		681248		83627.27  
11.50		54.61		683976		84311.25  
11.50		54.84		686780		84998.03  
11.50		55.06		689584		85687.62  
11.50		55.27		692392		86380.01  
11.50		55.55		695236		87075.24  
11.50		55.79		698084		87773.33  
11.50		55.99		700804		88474.13  
11.50		56.24		703612		89177.74  
11.50		56.46		706392		89884.13  
11.50		56.70		709216		90593.35  
11.50		56.90		711992		91305.34  
11.50		57.14		714868		92020.21  
11.50		57.38		717636		92737.84  
11.50		57.62		720452		93458.30  
11.50		57.82		723224		94181.52  
11.50		58.06		726124		94907.65  
11.50		58.28		728868		95636.52  
11.50		58.53		731660		96368.17  
11.50		58.75		734468		97102.64  
11.50		58.97		737312		97839.95  
11.50		59.20		740056		98580.01  
11.50		59.43		742912		99322.92  
11.50		59.67		745656		100068.58  
11.50		59.88		748580		100817.16  
11.50		60.11		751464		101568.62  
11.50		60.35		754372		102322.99  
11.50		60.57		757244		103080.23  
11.50		60.79		760176		103840.41  
11.50		61.01		763008		104603.42  
11.50		61.25		765964		105369.38  
11.50		61.50		768868		106138.25  
11.50		61.74		771736		106909.98  
11.50		61.95		774584		107684.57  
11.50		62.16		777476		108462.05  
11.50		62.39		780432		109242.48  
11.50		62.66		783296		110025.77  
11.50		62.90		786148		110811.92  
11.50		63.11		789032		111600.95  
11.50		63.34		791928		112392.88  
11.50		63.59		794856		113187.74  
11.50		63.87		797788		113985.53  
11.50		64.12		800752		114786.28  
11.50		64.36		803484		115589.77  
11.50		64.60		806416		116396.18  
11.50		64.82		809252		117205.43  
11.50		65.06		812132		118017.56  
11.50		65.31		815064		118832.63  
11.50		65.58		817968		119650.59  
11.50		65.87		821080		120471.67  
11.50		66.09		823940		121295.61  
11.50		66.29		826604		122122.21  
11.50		66.53		829500		122951.71  
11.50		66.82		832428		123784.14  
11.50		67.11		835768		124619.91  
11.50		67.32		838348		125458.26  
11.50		67.51		841036		126299.30  
11.50		67.76		843964		127143.26  
11.50		67.99		846900		127990.16  
11.50		68.22		849724		128839.88  
11.50		68.43		852616		129692.50  
11.50		68.68		855540		130548.04  
11.50		68.92		858368		131406.41  
11.50		69.14		861292		132267.70  
11.50		69.36		864164		133131.86  
11.50		69.59		867100		133998.95  
11.50		69.81		869932		134868.89  
11.50		70.06		872844		135741.73  
11.50		70.28		875724		136617.45  
11.50		70.51		878636		137496.09  
11.50		70.74		881524		138377.63  
11.50		70.98		884392		139262.02  
11.50		71.19		887268		140149.28  
11.50		71.43		890184		141039.47  
11.50		71.68		893116		141932.58  
11.50		71.91		895936		142828.52  
11.50		72.15		898932		143727.45  
11.50		72.39		901744		144629.20  
11.50		72.67		904700		145533.91  
11.50		72.89		907568		146441.47  
11.50		73.12		910416		147351.89  
11.50		73.38		913304		148265.19  
11.50		73.63		916164		149181.34  
11.50		73.86		919076		150100.42  
11.50		74.11		921956		151022.38  
11.50		74.34		924864		151947.23  
11.50		74.61		927844		152875.08  
11.50		74.86		930644		153805.72  
11.50		75.10		933580		154739.30  
11.50		75.36		936424		155675.72  
11.50		75.60		939332		156615.05  
11.50		75.86		942236		157557.28  
11.50		76.10		945140		158502.42  
11.50		76.36		947992		159450.41  
11.50		76.59		950896		160401.30  
11.50		76.83		953756		161355.05  
11.50		77.07		956652		162311.70  
11.50		77.31		959552		163271.25  
11.50		77.53		962436		164233.69  
11.50		77.79		965328		165199.02  
11.50		78.03		968236		166167.25  
11.50		78.26		971092		167138.34  
11.50		78.49		973996		168112.34  
11.50		78.75		976948		169089.30  
11.50		78.98		979776		170069.08  
11.50		79.22		982664		171051.73  
11.50		79.44		985556		172037.30  
11.50		79.67		988460		173025.75  
11.50		79.92		991300		174017.05  
11.50		80.15		994236		175011.28  
11.50		80.39		997092		176008.38  
11.50		80.60		999984		177008.36  
11.50		80.82		1002932		178011.30  
11.50		81.03		1005872		179017.17  
11.50		81.26		1008848		180026.02  
11.50		81.49		1011852		181037.88  
11.50		81.73		1014780		182052.66  
11.50		81.96		1017736		183070.39  
11.50		82.17		1020736		184091.13  
11.50		82.39		1023720		185114.84  
11.50		82.65		1026668		186141.52  
11.50		82.87		1029664		187171.17  
11.50		83.11		1032616		188203.78  
11.50		83.35		1035624		189239.41  
11.50		83.60		1038632		190278.03  
11.50		83.85		1041572		191319.61  
11.50		84.08		1044588		192364.20  
11.50		84.35		1047520		193411.72  
11.50		84.57		1050540		194462.27  
11.50		84.81		1053452		195515.72  
11.50		85.08		1056488		196572.20  
11.50		85.31		1059420		197631.63  
11.50		85.56		1062428		198694.05  
11.50		85.79		1065372		199759.42  
11.50		86.06		1068412		200827.83  
11.50		86.32		1071380		201899.20  
11.50		86.56		1074328		202973.53  
11.50		86.81		1077324		204050.86  
11.50		87.03		1080244		205131.11  
11.50		87.26		1083188		206214.30  
11.50		87.52		1086196		207300.50  
11.50		87.86		1089332		208389.83  
11.50		88.21		1093556		209483.39  
11.50		88.35		1095560		210578.95  
11.50		88.51		1098096		211677.05  
11.50		88.77		1101072		212778.13  
11.50		89.03		1104076		213882.20  
11.50		89.25		1107056		214989.27  
11.50		89.49		1110116		216099.38  
11.50		89.75		1112972		217212.34  
11.50		90.01		1115948		218328.30  
11.50		90.23		1118904		219447.20  
11.50		90.47		1121936		220569.14  
11.50		90.71		1124900		221694.05  
11.50		90.95		1127848		222821.89  
11.50		91.19		1130820		223952.70  
11.50		91.46		1133796		225086.50  
11.50		91.68		1136768		226223.27  
11.50		91.92		1139752		227363.02  
11.50		92.18		1142712		228505.73  
11.50		92.45		1145708		229651.44  
11.50		92.67		1148668		230800.11  
11.50		92.92		1151624		231951.73  
11.50		93.18		1154632		233106.36  
11.50		93.42		1157588		234263.95  
11.50		93.68		1160568		235424.52  
11.50		93.93		1163512		236588.03  
11.50		94.17		1166560		237754.59  
11.50		94.44		1169532		238924.13  
11.50		94.68		1172532		240096.66  
11.50		94.95		1175424		241272.08  
11.50		95.19		1178496		242450.58  
11.50		95.46		1181424		243632.00  
11.50		95.70		1184372		244816.38  
11.50		95.96		1187344		246003.72  
11.50		96.21		1190304		247194.02  
11.50		96.46		1193296		248387.31  
11.50		96.72		1196272		249583.58  
11.50		96.96		1199244		250782.83  
11.50		97.20		1202256		251985.08  
11.50		97.47		1205232		253190.31  
11.50		97.71		1208160		254398.47  
11.50		97.94		1211132		255609.59  
11.50		98.20		1214196		256823.80  
11.50		98.45		1217128		258040.92  
11.50		98.68		1220088		259261.02  
11.50		98.91		1223064		260484.08  
11.50		99.17		1226008		261710.09  
11.50		99.41		1228996		262939.09  
11.50		99.65		1232044		264171.13  
11.50		99.88		1234916		265406.03  
11.50		100.11		1237920		266643.94  
11.50		100.38		1240948		267884.88  
11.50		100.61		1244028		269128.91  
11.50		100.85		1247084		270376.00  
11.50		101.10		1250160		271626.16  
11.50		101.32		1253216		272879.38  
11.50		101.57		1256280		274135.66  
11.50		101.81		1259340		275395.00  
11.50		102.04		1262416		276657.41  
11.50		102.27		1265480		277922.88  
11.50		102.51		1268520		279191.41  
11.50		102.75		1271612		280463.03  
11.50		102.99		1274660		281737.69  
11.50		103.24		1277700		283015.38  
11.50		103.48		1280764		284296.13  
11.50		103.75		1283860		285580.00  
11.50		103.99		1286880		286866.88  
11.50		104.23		1289940		288156.81  
11.50		104.48		1292992		289449.81  
11.50		104.74		1296100		290745.91  
11.50		105.01		1299208		292045.13  
11.50		105.32		1302424		293347.56  
11.50		105.68		1306108		294653.66  
11.50		106.03		1309760		295963.41  
11.50		106.35		1313180		297276.59  
11.50		106.60		1316260		298592.84  
11.50		106.78		1318736		299911.59  
11.50		106.95		1321000		301232.59  
11.50		107.17		1323600		302556.19  
11.50		107.42		1326660		303882.84  
11.50		107.67		1329720		305212.56  
11.50		107.91		1332772		306545.34  
11.50		108.16		1335856		307881.19  
11.50		108.41		1338884		309220.06  
11.50		108.67		1341960		310562.03  
11.50		108.90		1344988		311907.03  
11.50		109.13		1348044		313255.06  
11.50		109.38		1351216		314606.28  
11.50		109.64		1354200		315960.47  
11.50		109.88		1357260		317317.72  
11.50		110.11		1360320		318678.03  
11.50		110.36		1363344		320041.38  
11.50		110.63		1366440		321407.81  
11.50		110.87		1369500		322777.31  
11.50		111.12		1372560		324149.88  
11.50		111.38		1375628		325525.50  
11.50		111.65		1378648		326904.16  
11.50		111.88		1381740		328285.91  
11.50		112.12		1384772		329670.69  
11.50		112.40		1387936		331058.63  
11.50		112.67		1390928		332449.56  
11.50		112.89		1394012		333843.56  
11.50		113.14		1397048		335240.63  
11.50		113.42		1400136		336640.75  
11.50		113.68		1403172		338043.94  
11.50		113.93		1406212		339450.16  
11.50		114.20		1409320		340859.47  
11.50		114.47		1412376		342271.84  
11.50		114.72		1415432		343687.28  
11.50		114.98		1418460		345105.75  
11.50		115.26		1421596		346527.34  
11.50		115.50		1424580		347951.94  
11.50		115.76		1427652		349379.59  
11.50		116.04		1430716		350810.31  
11.50		116.28		1433760		352244.06  
11.50		116.53		1436820		353680.88  
11.50		116.81		1439984		355120.84  
11.50		117.06		1442968		356563.81  
11.50		117.29		1446040		358009.84  
11.50		117.56		1449072		359458.91  
11.50		117.81		1452128		360911.03  
11.50		118.06		1455180		362366.22  
11.50		118.32		1458244		363824.47  
11.50		118.55		1461308		365285.78  
11.50		118.81		1464364		366750.16  
11.50		119.06		1467436		368217.59  
11.50		119.31		1470444		369688.03  
11.50		119.56		1473608		371161.63  
11.50		119.83		1476616		372638.25  
11.50		120.06		1479656		374117.91  
11.50		120.30		1482720		375600.63  
11.50		120.56		1485820		377086.44  
11.50		120.78		1488856		378575.28  
11.50		121.02		1491868		380067.16  
11.50		121.24		1494952		381562.09  
11.50		121.46		1498012		383060.09  
11.50		121.69		1501088		384561.19  
11.50		121.96		1504152		386065.34  
11.50		122.20		1507240		387572.59  
11.50		122.43		1510260		389082.84  
11.50		122.67		1513320		390596.16  
11.50		122.92		1516388		392112.53  
11.50		123.18		1519456		393632.00  
11.50		123.46		1522544		395154.53  
11.50		123.68		1525596		396680.13  
11.50		123.91		1528620		398208.75  
11.50		124.16		1531680		399740.44  
11.50		124.43		1534780		401275.22  
11.50		124.72		1537928		402813.16  
11.50		124.99		1540920		404354.06  
11.50		125.26		1543996		405898.06  
11.50		125.51		1546972		407445.03  
11.50		125.75		1550048		408995.09  
11.50		126.00		1553132		410548.22  
11.50		126.27		1556180		412104.41  
11.50		126.55		1559260		413663.66  
11.50		126.86		1562604		415226.25  
11.50		127.28		1566548		416792.81  
11.50		127.49		1569668		418362.47  
11.50		127.63		1571648		419934.13  
11.50		127.86		1574528		421508.66  
11.50		128.14		1577580		423086.25  
11.50		128.36		1580640		424666.88  
11.50		128.60		1583704		426250.59  
11.50		128.86		1586804		427837.41  
11.50		129.10		1589820		429427.22  
11.50		129.35		1592916		431020.13  
11.50		129.58		1595980		432616.09  
11.50		129.83		1599000		434215.09  
11.50		130.10		1602060		435817.16  
11.50		130.35		1605120		437422.28  
11.50		130.58		1608180		439030.47  
11.50		130.85		1611280		440641.75  
11.50		131.09		1614300		442256.06  
11.50		131.33		1617324		443873.38  
11.50		131.58		1620432		445493.81  
11.50		131.85		1623480		447117.28  
11.50		132.08		1626540		448743.81  
11.50		132.35		1629640		450373.44  
11.50		132.60		1632660		452006.09  
11.50		132.88		1635720		453641.81  
11.50		133.11		1638780		455280.59  
11.50		133.37		1641840		456922.44  
11.50		133.62		1644900		458567.34  
11.50		133.88		1648028		460215.38  
11.50		134.13		1651020		461866.41  
11.50		134.38		1654092		463520.50  
11.50		134.65		1657144		465177.66  
11.50		134.90		1660240		466837.91  
11.50		135.16		1663276		468501.19  
11.50		135.43		1666292		470167.47  
11.50		135.68		1669396		471836.88  
11.50		135.93		1672416		473509.28  
11.50		136.21		1675572		475184.84  
11.50		136.46		1678560		476863.41  
11.50		136.70		1681616		478545.03  
11.50		136.93		1684680		480229.72  
11.50		137.18		1687744		481917.47  
11.50		137.45		1690784		483608.25  
11.50		137.68		1693832		485302.09  
11.50		137.93		1696892		486999.00  
11.50		138.18		1699984		488698.97  
11.50		138.46		1703076		490402.03  
11.50		138.69		1706076		492108.09  
11.50		138.93		1709188		493817.28  
11.50		139.21		1712292		495529.56  
11.50		139.43		1715296		497244.84  
11.50		139.66		1718340		498963.19  
11.50		139.90		1721412		500684.59  
11.50		140.15		1724496		502409.09  
11.50		140.39		1727568		504136.66  
11.50		140.61		1730576		505867.22  
11.50		140.83		1733616		507600.84  
11.50		141.10		1736700		509337.53  
11.50		141.35		1739760		511077.28  
11.50		141.58		1742816		512820.09  
11.50		141.79		1745876		514565.97  
11.50		142.06		1748940		516314.91  
11.50		142.32		1752000		518066.91  
11.50		142.57		1755076		519821.97  
11.50		142.80		1758100		521580.06  
11.50		143.07		1761216		523341.28  
11.50		143.35		1764240		525105.50  
11.50		143.58		1767308		526872.81  
11.50		143.82		1770356		528643.19  
11.50		144.08		1773420		530416.63  
11.50		144.32		1776444		532193.06  
11.50		144.57		1779580		533972.63  
11.50		144.82		1782588		535755.19  
11.50		145.07		1785660		537540.88  
11.50		145.32		1788728		539329.63  
11.50		145.63		1791784		541121.44  
11.50		145.93		1795028		542916.44  
11.50		146.31		1798628		544715.06  
11.50		146.65		1802436		546517.50  
11.50		146.91		1805508		548323.00  
11.50		147.11		1808008		550131.00  
11.50		147.27		1810240		551941.25  
11.50		147.51		1813236		553754.50  
11.50		147.80		1816260		555570.75  
11.50		148.07		1819320		557390.06  
11.50		148.30		1822380		559212.44  
11.50		148.53		1825460		561037.88  
11.50		148.81		1828568		562866.44  
11.50		149.06		1831572		564698.00  
11.50		149.27		1834660		566532.69  
11.50		149.52		1837680		568370.38  
11.50		149.77		1840740		570211.13  
11.50		150.00		1843764		572054.88  
11.50		150.24		1846860		573901.75  
11.50		150.48		1849904		575751.63  
11.50		150.74		1852980		577604.63  
11.50		150.98		1856056		579460.69  
11.50		151.22		1859092		581319.75  
11.50		151.47		1862200		583181.94  
11.50		151.74		1865240		585047.19  
11.50		151.95		1868280		586915.44  
11.50		152.23		1871348		588786.81  
11.50		152.47		1874464		590661.25  
11.50		152.72		1877460		592538.69  
11.50		152.96		1880520		594419.19  
11.50		153.24		1883580		596302.75  
11.50		153.47		1886660		598189.44  
11.50		153.76		1889740		600079.19  
11.50		154.00		1892828		601972.00  
11.50		154.26		1895828		603867.81  
11.50		154.52		1898880		605766.69  
11.50		154.79		1901936		607668.63  
11.50		155.02		1904972		609573.63  
11.50		155.30		1908068		611481.69  
11.50		155.58		1911132		613392.81  
11.50		155.82		1914152		615306.94  
11.50		156.07		1917224		617224.19  
11.50		156.32		1920300		619144.50  
11.50		156.58		1923400		621067.88  
11.50		156.85		1926460		622994.31  
11.50		157.08		1929460		624923.75  
11.50		157.32		1932540		626856.31  
11.50		157.60		1935604		628791.94  
11.50		157.86		1938664		630730.63  
11.50		158.08		1941760		632672.38  
11.50		158.32		1944768		634617.13  
11.50		158.57		1947836		636564.94  
11.50		158.82		1950916		638515.88  
11.50		159.07		1953944		640469.81  
11.50		159.29		1957032		642426.88  
11.50		159.55		1960112		644387.00  
11.50		159.79		1963176		646350.19  
11.50		160.04		1966200		648316.38  
11.50		160.27		1969252		650285.63  
11.50		160.52		1972320		652257.94  
11.50		160.78		1975396		654233.31  
11.50		161.02		1978476		656211.81  
11.50		161.26		1981504		658193.31  
11.50		161.50		1984576		660177.88  
11.50		161.76		1987624		662165.50  
11.50		162.00		1990684		664156.19  
11.50		162.22		1993740		666149.94  
11.50		162.46		1996796		668146.75  
11.50		162.74		1999904		670146.63  
11.50		163.01		2003008		672149.63  
11.50		163.25		2006024		674155.63  
11.50		163.48		2009040		676164.69  
11.50		163.74		2012096		678176.81 